world: pmcspawn
x: 21.542079712342648
y: 4.0
z: -269.54989071337155
yaw: -90.15918
pitch: 1.2185175
name: Apply
