world: world
x: -58.51498069817947
y: 71.0
z: -56.34335814275018
yaw: -179.85297
pitch: 0.15000339
name: Jail
