world: world
x: -99.55062580662815
y: 63.0
z: -32.48753866592133
yaw: -269.93234
pitch: -8.158255
name: Powers
