world: survival
x: -217.70755760813827
y: 106.0
z: -107.5684880581766
yaw: -89.61755
pitch: -2.0859103
name: Powers
