world: pmcspawn
x: 13.261659853272599
y: 7.0
z: -80.20271106658389
yaw: -138.38959
pitch: -12.398037
name: Ranks
