world: pmcspawn
x: 7.006440707408766
y: 5.0
z: -70.51589168834059
yaw: -270.15045
pitch: -6.2999883
name: Spawn
