world: world
x: -303.7262462885576
y: 76.0
z: 417.2046780019344
yaw: 179.89981
pitch: -0.63728255
name: SpeedTest
