world: world
x: -54.62316240095543
y: 79.0
z: -121.54302424352001
yaw: 89.23225
pitch: -0.5148974
name: Survival
