world: world
x: -10.188164446780366
y: 70.0
z: -65.95658199896812
yaw: 88.802185
pitch: -0.7500013
name: Survival
