world: world
x: -53.55432227792136
y: 79.0
z: -121.49515551117887
yaw: -269.70264
pitch: -2.2498703
name: Survival
