world: world
x: 30.734896448683482
y: 64.0
z: -4.207674485066487
yaw: 285.29993
pitch: 7.3500304
name: survival
