world: pmcspawn
x: 66.3029011731129
y: 4.0
z: -272.9996453160087
yaw: -89.95814
pitch: -0.9514863
name: Taken
