spawns: 
  default: 
    world: pmcspawn
    x: 7.503735301196301
    y: 5.0
    z: -70.33405304373883
    yaw: 359.69907
    pitch: -9.600005
  spid0207: 
    world: world
    x: -102.55541516737874
    y: 70.0
    z: -30.608466010110266
    yaw: -102.98234
    pitch: 27.391758
  adambash: 
    world: Survival
    x: -207.61060567261273
    y: 107.0
    z: -108.4443908919605
    yaw: 92.182526
    pitch: 3.7640913
