spawns: 
  default: 
    world: pmcspawn
    x: 7.538277608947608
    y: 5.0
    z: -70.50324458526568
    yaw: -13.8
    pitch: -2.8499978
