spawns: 
  default: 
    world: pmcspawn
    x: 7.510513224442513
    y: 5.0
    z: -70.54848812528212
    yaw: 358.49365
    pitch: 2.2500207
