spawns: 
  default: 
    world: pmcspawn
    x: 7.538277608947608
    y: 5.0
    z: -70.50324458526568
    yaw: -13.8
    pitch: -2.8499978
  spid0207: 
    world: world
    x: -102.55541516737874
    y: 70.0
    z: -30.608466010110266
    yaw: -102.98234
    pitch: 27.391758
