version: 0
sg-system:
  arenano: 2
  arenas:
    '1':
      world: HG1
      x1: 517
      y1: 143
      z1: 622
      x2: -294
      y2: 67
      z2: -6
      enabled: true
    '2':
      world: HG2
      x1: 1347
      y1: 216
      z1: -1337
      x2: 145
      y2: -2
      z2: -2682
      enabled: true
    '3':
      world: HG2
      x1: 1269
      y1: 4
      z1: -1337
      x2: 144
      y2: 4
      z2: -2490
      enabled: false
  lobby:
    spawn:
      world: pmcspawn
      x: 7
      y: 7
      z: -54
      yaw: -0.9000071
      pitch: 7.8000026
    sign:
      set: true
    signno: 1
    signs:
      '1':
        id: 1
        world: pmcspawn
        x1: 8
        y1: 7
        z1: -51
        x2: 8
        y2: 7
        z2: -51
  stats:
    sign:
      set: true
